0111100111101011001100111000101100000001101100111100001101101001100000011110010100001110000100000110
0110111000111010100100100011100000011001111000101110011011100110000111110110011001111101010000011011
0001010110001000001001101011000111110010110101100011101110000001000110001011100011110011100101111101
1110101110000000101001101001101101110010000101000101001101000110101001011110011100011110100101001000
1100110011110001111110111101111000100011000000010001100111110010010000111010010100101101011011010000
1001111110100000100010001000101011010011011011010000000001101110110100111001000000101010010110001010
1001011111101111011101011011110101000111101011101111110110000101000001110011101011101000111111101110
1011101000000000010011100101111010110110111101000110111110100011000101110001001011011001111101100101
0110011110100110011100011101110110110001100011000110100000011101001011011000000000001010001101101000
0001110000110100001000111000110110100011100111100010100010000011101011011110110100100001001011110010
0111101101001100100111011110011111010011011110101111000110110011010111011101000110011010110010110010
0010011001100011001010101011111010110100001011111101100000100000110010011011000011001000011111101011
1011111101110111101111100101000111001110111010110101111111111000000001111000101100000010010001011100
1111110001100101110111011000001011101100100110000001001001001001100100010100111110010000101111001100
0100000001010110010110100011110110110011011010111111011001110110111000010101011010001011110101010110
0001010101110000111010100111010010010010000110011010011001001000100100010001111010101011100101000101
1101001001111010010001010110001010010001110011110100000001101111110110000110001010001101011010001001
0000110010011000001010111111011010101011110110111011101101000001011001110110110101001001100110010101
1011010101001011110111110001011010110111001110101100000111101001101110000100011101010101011010100111
1110000001110011110011100001011111110101110110110011111100101001111100111100000101100010011001000001
1111001001000111100110011111001110110100010110010011101000000100011110101001100101101100111100100101
0011001110010110011100100001101000001010110100110001101010000010011000000011001000101101010000010100
1010100110110001101110101100011100110011100010001010101001101010010010100011101010000101000011101111
1100111100011001010010000111101100011010010011010111011001001001000110100000110111001011011100101001
1100100000001101010110111111010011011101110011000110101010111001110110110010100100110101101100000111
1100010110000001100001001001111100011011101111010101010001100111110000010001101011100110111000110001
1001101001011000110100101110010011000100010010110100011110011000000001100000101111101011011101000110
0101100001111011001101100110111010010110011001010001010000010100111101110110111100010111110100001000
0100111110100110011001001001111010000010100110011010100011001101001011010110001101010100010101001100
1000000000011001001000101011010001100111001000101000101111010100100101110101100011111100100100111001
0010110111011110001111001100010011110101011110110111000000010101011000010110110001101010000110010001
0110010111010101010011111001001000001111001111101111111000000010111101010001100100100010000000011100
0101010010101110011011000010010001011111010111100010100010110001011000010011011011001011001010010010
0011000110011100000101000000111011010111010101000000100100110011001000110000000111101010101010010011
0010100101011011011000001001111101001111011000100110010011100110001110100000010011010000000111011011
0100011000010000111101101110110101100100111011000110011001100111010010000110001111100011110001010011
0000111100010010101011101100100111111101001001011001111010001001100101101110110111000100010001111111
0011110110000111000100000110110001100000011110010111000111100001011100010101111111000011011011111000
0000000010111111110101011100010011010011011101100010001011101101000001000101010111110111000011110100
0001000010001011010000110111001101010001011001000100110000000011110101110100011110110011000101111000
1010100110101000000000001010101100101000111101111111110001011011101011111001110101001000111110111100
0011011110001101101011100110001000111101100001011001111010110100010000100010110011011000010100000110
1010110101111101110110000001110010011111010001111100111011101111101001111101011010101000001101011001
1000100111001000101011100010111011010111011100110001101000110101110000110010001100001000001110010101
0001101101011101110000001011011110100011011010100111100111101110110000100100011000010010111101100101
1100010001100111111101010011010010001010110110101100011110001111110111111101001110010101101111100110
1111001111101111011111001001110011100010100100110100101110101111001110010000110000111110011101000010
0111001011000111111001111111011001000011111110001101001011010111001011110000100011001000111100001010
1100001011010110110110101100111010100011001001100101111111000000101110101010001001100110000100011000
0101010011000001111111100111011001000010011111011000100011110111101100111001000010111111011010011110
1011010100011011101010101011000010001111001100011000011101000010001101100110001010110000101100100111
0110100011100000101010110010100000001000011010101001101111011001101011011011111111000001000011101101
1100100101011110111011100011000100011110111100100010000100111000110101000110001110101101110110110110
0100111101100101000110011110100110100001101111001010101001111100001110011010010100100101110100001011
1100111101000011011101000010000010011001000000010001101110001000111101011101011110001110111110100101
1110001011011100011100100001010001001100110001110000101100001010001101100110100101011010000000001111
1100101111111011001001110111001010111100011001111000011111111010111010000111110000010100001100110001
1101111000001110001100000110100111111001100110110011001001101101000000110101100001000100000110001000
1010110110101111000101001010001110111110100011011001011010101111101100101100110100110010111010001011
1011101001110101100010000011110110110011001000011011000000101010011111000110000100010111101011011011
1100111100001111101100110101111101101110110010111110001000010111000011010010000101100010101100100001
1001101110101100111010001111001101111111101010000001011101100010101001100001011000011001011001010101
1010010010111101011011111010010000011111001001001101111010100100110101010010100001011111111011000000
1000101101111001110100001010001001101101100100010001110111111111001100111111111001101111111111001100
1001100101011000000000010000101001111010110111010111110011000010000000100100101011010111101111011001
1101111100011011111110100101110111001111010011011101001101101100011100111001101001110111000000111100
1110101111101110011110001100101110110001111101111100111111000111101001111010011011010101011011101101
0100110110000100100110110101011100101010000011110011101001010101100010101101000110101100111101111100
0000111001101011101001011000110110100111001010001000011000111111110011110111010110100110001000010111
1011110011001111110111100001010000010101000001000011010000001111001111110010010011100100100000110010
0100100100010100011101001111100000010000101000101111000001001001010100011101011101110111111101001010
1110100010110100110001001000011011010011100100101110100000110011001011111010100001010101000111111111
1100100011111110111010110101110100110111000101001101111000011111001111110011001011111011110000010000
1001100110100010100101000011001001011010000010100010101111100000100010110010000010111001111100011010
1100011110111010110100001101100001100110110000100001000001100110111011011000010010001110011001011111
1101011011001001000010100101111110101110101101001000011010101100001111101000101111100010100001110000
1110001001100110100001101100100100111100101101001111001111000101011101000011100110101100011110111001
0001001101011001110110000100111111111000110111110100110111110110110011101010110111101000011010110101
0011001011101101000010111100001010000001111100111111001100010001011011011010000001001001011100101100
1010000011101101110101101010010001001010101111110110010110110101011001010101000011111100001011110110
1000000011100111111000001001101100011111010110010011001100011010000100001111001001101001110100110100
0010111011010101010011100010111010101100001001100100011000101100011010011100000000011100010100001001
1010010010000011100101100100010000011100110010010010010101101011001111001000011001101101010100000111
0110111110010111100001111111101011011010011100111100111011101000111011011011111111101110000100100011
0111010010000101111111010000110101001101101111101100111110011010111111010011000010001000010001111101
0110100110101100111011001100010100111101101110000110011010001001001000011111111011101101010110101110
0100111100101111100011111001100011110011110000001001101101101001000001100100000000110110100011010000
1110100010000011111100110100100001101110010001110110100100011101110001111010010000001101101001110011
0011011011100010011001111011001010100100111110001010100110100101011100110111010011011011001101100111
1110010000101000001101100111100000000110111010011111000011100110111011011001110001011010111101111010
1000001001011101111111011101001011010110111011101101101110000111111010001000100001101001110011101001
0101011101010011000101010010001011001100000111011100001101000101000010001110100101100010101000110011
0001001110000111011101010100101011101011100010000001001001001010100101111000110000000111010011111111
1011100100111001010101111010011001011110001011000111000100101100010011011111110001010101100110100000
1010100100010010010000110011101101100101101011100110101101100100000000001001100110011100100000010100
0111111111101010110101111011101010001100100101111110100011011110010011000100000110011100110001010001
1001101101101101111001011000110011101011010100101100111001001000101011110000010110010001100001100110
0110100001100101100011010110110000111010111110011000001011001011101000011101100011101110100001001101
0011110010011110100010101001111010001111110111101110110000101110101111110110100111001111000000100100
0111001101110000111000110110011110001100110000100001010110100111010000110110100001100101001000101111